point1

```
<key
  time="54.728"
  qpos="-0.493874 -1.09239 0.331178 -2.20509 -1.5708 -1.30718 0.255025 2.65451e-05 0.254255 -0.244065 0.255025 2.73991e-05 0.254256 -0.244083 0.6 0 0.1 1 0 0 0 0.719354 -0.234015 0.865604 0.712244 -0.0735944 -0.637996 -0.283291 0.6 -0.3 0.025 1 0 0 0"
  qvel="3.79555e-14 1.19334e-13 1.04091e-12 7.69553e-13 2.07023e-13 1.50341e-15 6.26194e-07 3.94188e-07 1.0694e-06 -3.435e-06 5.91193e-07 -1.31599e-07 3.95181e-07 2.314e-07 0 0 0 0 0 0 2.2556e-08 -2.2297e-08 2.82491e-08 2.90178e-11 -1.49496e-06 3.01133e-08 0 0 0 0 0 0"
  ctrl="0.263613 -0.965572 1.59981 -2.20503 -1.5708 -1.30718 255"
/>
```

point 2
```
<key
  time="78.604"
  qpos="1.62553 -1.20848 -0.829855 -2.20529 -1.57058 -1.30718 0.252996 -5.24503e-05 0.252163 -0.241797 0.252996 1.05883e-06 0.252204 -0.241916 0.6 0 0.1 1 0 0 0 -0.1348 -0.00928108 1.17991 0.18066 0.785266 -0.574222 0.144873 0.6 -0.3 0.025 1 0 0 0"
  qvel="7.76323e-14 -5.11138e-13 -2.16611e-12 -1.19751e-12 -3.83442e-13 -1.21238e-15 1.20375e-06 1.17622e-06 2.04598e-06 -3.83654e-06 1.22703e-06 3.50604e-07 1.61658e-06 -3.903e-06 0 0 0 0 0 0 -7.44269e-09 4.40498e-08 4.66817e-08 2.23936e-09 2.52984e-07 -5.26136e-07 0 0 0 0 0 0"
  ctrl="0.263613 -0.965572 1.59981 -2.20503 -1.5708 -1.30718 255"
/>
```

point 3
```
<key
  time="105.562"
  qpos="2.28307 -1.20849 -0.829925 -2.20531 -1.57054 -1.30718 0.254913 1.86427e-05 0.254135 -0.243895 0.254913 1.85605e-05 0.254135 -0.243902 0.6 0 0.1 1 0 0 0 -0.101088 -0.0898601 1.18006 0.123423 0.929857 -0.285263 0.196869 0.6 -0.3 0.025 1 0 0 0"
  qvel="-4.24351e-15 3.44082e-14 1.99171e-13 1.01141e-13 2.55486e-14 5.67017e-16 1.39125e-06 3.05157e-07 1.69574e-06 -3.69935e-06 1.38597e-06 2.25599e-07 1.59805e-06 -3.25591e-06 0 0 0 0 0 0 -1.32053e-08 1.69097e-08 5.11447e-08 -4.09717e-12 -1.73748e-07 -5.12412e-07 0 0 0 0 0 0"
  ctrl="0.263613 -0.965572 1.59981 -2.20503 -1.5708 -1.30718 255"
/>
```

point 4
```
<key
  time="160.244"
  qpos="2.50006 -1.45028 1.676 -2.20613 -1.57057 -1.30719 0.254491 6.2526e-06 0.253702 -0.243392 0.254491 6.38809e-06 0.253702 -0.243396 0.6 0 0.1 1 0 0 0 -0.58115 0.266724 0.305893 0.427243 0.199791 -0.0391173 0.880918 0.6 -0.3 0.025 1 0 0 0"
  qvel="-1.95856e-14 4.28135e-15 -2.25447e-13 -9.01253e-14 -2.63661e-14 -1.71093e-17 1.48281e-06 2.00143e-07 1.65716e-06 -3.08711e-06 1.4938e-06 3.65835e-07 1.87522e-06 -4.38589e-06 0 0 0 0 0 0 -1.152e-08 4.2042e-09 -5.96599e-08 9.70489e-10 5.40916e-07 -5.15413e-07 0 0 0 0 0 0"
  ctrl="0.263613 -0.965572 1.59981 -2.20503 -1.5708 -1.30718 255"
/>
```

point 5
```
<key
  time="244.382"
  qpos="2.5257 -1.10066 1.68561 -2.20771 -1.57094 -1.30708 0.252002 -0.000124673 0.251116 -0.240693 0.252002 -0.0127418 0.241539 -0.213877 0.6 0 0.1 1 0 0 0 -0.589011 0.258718 0.0896954 0.42635 0.0324711 -0.0086201 0.903934 0.6 -0.3 0.025 1 0 0 0"
  qvel="-4.6954e-10 1.11282e-09 1.15943e-08 3.75271e-09 1.87302e-09 2.90555e-09 -4.21652e-05 0.000108177 3.95656e-05 -0.000180411 -4.21404e-05 -7.16219e-05 -9.41605e-05 0.000224456 0 0 0 0 0 0 2.37634e-06 -3.08271e-06 -9.95394e-06 2.75502e-07 -0.000138835 7.02973e-07 0 0 0 0 0 0"
  ctrl="0.263613 -0.965572 1.59981 -2.20503 -1.5708 -1.30718 255"
/>
```


point 6

```
<key
  time="281.342"
  qpos="2.48015 -1.00006 1.67556 -2.20055 -1.56984 -1.30848 0.246427 -0.00231551 -0.022525 -0.357807 0.246425 -0.0160306 -0.022525 -0.201475 0.6 0 0.1 1 0 0 0 -0.568901 0.281761 0.0303205 0.445428 -0.0024895 -0.00500653 0.8953 0.6 -0.3 0.025 1 0 0 0"
  qvel="1.01257e-05 -9.86625e-05 -0.000138785 0.00018055 1.99002e-05 -3.773e-05 1.31585e-05 -0.000179608 -0.000129122 0.000436558 9.06506e-06 0.000220141 0.000180236 -0.000552451 0 0 0 0 0 0 -2.52172e-05 1.98175e-05 3.16493e-06 3.8214e-05 0.000321289 2.7915e-05 0 0 0 0 0 0"
  ctrl="0.263613 -0.965572 1.59981 -2.20503 -1.5708 -1.30718 255"
/>
```
